browser,version,screenWidth,screenHeight,OS,OS_lang,GMT_timestamp,local_timestamp,link,calibration,id,age,sex,handedness
Chrome,84.0.4147.105,1680,1050,MacOS,en-US,2020-08-19_23:15:35,2020-08-19_16:15:35,https://www.testable.org/experiment/4629/448167/start,1,"914892294","21",female,right-handed

rowNo,type,stim1,stimFormat,ITI,responseType,responseOptions,trialText,head,required,object_shown,seperator,ITI_ms,ITI_f,ITI_fDuration,timestamp,response,RT,responseCode
2,form,"","","",dropdown,American Indian or Alaska Native;Asian;Black or African American;Native Hawaiian or Other Pacific Islander; White;More than one;Not Listed,"",With which race do you identify?,"1","","1",,"","",203204,More than one,11384,"6"
3,form,"","","",dropdown,yes;no,"",Do you identify as Hispanic,"1","","1",,"","",203204,no,11384,"2"
7,test,goose_1,.png,"800",slider,0_10_1,How typical is this orientation?,"","",goose,"",802,48,"16.71",262365,"10",6152,10
8,test,goose_2,.png,"800",slider,0_10_1,How typical is this orientation?,"","",goose,"",800,48,"16.67",269122,"9",5959,9
9,test,goose_3,.png,"800",slider,0_10_1,How typical is this orientation?,"","",goose,"",800,48,"16.67",275360,"7",5445,7
10,test,goose_4,.png,"800",slider,0_10_1,How typical is this orientation?,"","",goose,"",800,48,"16.67",281631,"9",5465,9
11,test,goose_5,.png,"800",slider,0_10_1,How typical is this orientation?,"","",goose,"",800,48,"16.67",288373,"1",5941,1
12,test,record_player_1,.png,"800",slider,0_10_1,How typical is this orientation?,"","",record_player,"",800,48,"16.67",294205,"10",5033,10
13,test,record_player_2,.png,"800",slider,0_10_1,How typical is this orientation?,"","",record_player,"",800,48,"16.67",301940,"8",6936,8
14,test,record_player_3,.png,"800",slider,0_10_1,How typical is this orientation?,"","",record_player,"",800,48,"16.67",312863,"6",10132,6
15,test,record_player_4,.png,"800",slider,0_10_1,How typical is this orientation?,"","",record_player,"",800,48,"16.67",320982,"9",7315,9
16,test,record_player_5,.png,"800",slider,0_10_1,How typical is this orientation?,"","",record_player,"",800,48,"16.67",329877,"7",8094,7
17,test,crocodile_1,.png,"800",slider,0_10_1,How typical is this orientation?,"","",crocodile,"",800,48,"16.67",336172,"1",5497,1
18,test,crocodile_2,.png,"800",slider,0_10_1,How typical is this orientation?,"","",crocodile,"",800,48,"16.67",341915,"5",4941,5
19,test,crocodile_3,.png,"800",slider,0_10_1,How typical is this orientation?,"","",crocodile,"",800,48,"16.67",345679,"0",2963,0
20,test,crocodile_4,.png,"800",slider,0_10_1,How typical is this orientation?,"","",crocodile,"",800,48,"16.67",351788,"6",5304,6
21,test,crocodile_5,.png,"800",slider,0_10_1,How typical is this orientation?,"","",crocodile,"",800,48,"16.67",359776,"1",7185,1
22,test,door_1,.png,"800",slider,0_10_1,How typical is this orientation?,"","",door,"",800,48,"16.66",365095,"10",4522,10
23,test,door_2,.png,"800",slider,0_10_1,How typical is this orientation?,"","",door,"",800,48,"16.67",372002,"1",6111,1
24,test,door_3,.png,"800",slider,0_10_1,How typical is this orientation?,"","",door,"",800,48,"16.67",377286,"6",4490,6
25,test,door_4,.png,"800",slider,0_10_1,How typical is this orientation?,"","",door,"",800,48,"16.67",384209,"5",6131,5
26,test,door_5,.png,"800",slider,0_10_1,How typical is this orientation?,"","",door,"",800,48,"16.67",391319,"10",6309,10
27,test,butterfly_1,.png,"800",slider,0_10_1,How typical is this orientation?,"","",butterfly,"",807,48,"16.81",404729,"3",12610,3
28,test,butterfly_2,.png,"800",slider,0_10_1,How typical is this orientation?,"","",butterfly,"",800,48,"16.67",409728,"7",4198,7
29,test,butterfly_3,.png,"800",slider,0_10_1,How typical is this orientation?,"","",butterfly,"",800,48,"16.67",413741,"10",3211,10
30,test,butterfly_4,.png,"800",slider,0_10_1,How typical is this orientation?,"","",butterfly,"",800,48,"16.67",423808,"9",9263,9
31,test,butterfly_5,.png,"800",slider,0_10_1,How typical is this orientation?,"","",butterfly,"",800,48,"16.67",426866,"0",2262,0
32,test,smartphone_1,.png,"800",slider,0_10_1,How typical is this orientation?,"","",smartphone,"",800,48,"16.67",432258,"6",4587,6
33,test,smartphone_2,.png,"800",slider,0_10_1,How typical is this orientation?,"","",smartphone,"",800,48,"16.67",441489,"7",8435,7
34,test,smartphone_3,.png,"800",slider,0_10_1,How typical is this orientation?,"","",smartphone,"",800,48,"16.67",447078,"5",4791,5
35,test,smartphone_4,.png,"800",slider,0_10_1,How typical is this orientation?,"","",smartphone,"",800,48,"16.67",452597,"3",4717,3
36,test,smartphone_5,.png,"800",slider,0_10_1,How typical is this orientation?,"","",smartphone,"",800,48,"16.67",468223,"1",14827,1
37,test,cow_1,.png,"800",slider,0_10_1,How typical is this orientation?,"","",cow,"",800,48,"16.67",473786,"2",4767,2
38,test,cow_2,.png,"800",slider,0_10_1,How typical is this orientation?,"","",cow,"",800,48,"16.67",477295,"10",2709,10
39,test,cow_3,.png,"800",slider,0_10_1,How typical is this orientation?,"","",cow,"",800,48,"16.67",487919,"8",9823,8
40,test,cow_4,.png,"800",slider,0_10_1,How typical is this orientation?,"","",cow,"",805,48,"16.77",492375,"7",3658,7
41,test,cow_5,.png,"800",slider,0_10_1,How typical is this orientation?,"","",cow,"",800,48,"16.67",500415,"8",7248,8
42,test,horse_1,.png,"800",slider,0_10_1,How typical is this orientation?,"","",horse,"",800,48,"16.67",506511,"10",5294,10
43,test,horse_2,.png,"800",slider,0_10_1,How typical is this orientation?,"","",horse,"",800,48,"16.67",514773,"9",7456,9
44,test,horse_3,.png,"800",slider,0_10_1,How typical is this orientation?,"","",horse,"",800,48,"16.67",520231,"5",4666,5
45,test,horse_4,.png,"800",slider,0_10_1,How typical is this orientation?,"","",horse,"",800,48,"16.67",531050,"7",10018,7
46,test,horse_5,.png,"800",slider,0_10_1,How typical is this orientation?,"","",horse,"",800,48,"16.67",547006,"1",15151,1
47,test,camera_1,.png,"800",slider,0_10_1,How typical is this orientation?,"","",camera,"",800,48,"16.67",627415,"7",79618,7
48,test,camera_2,.png,"800",slider,0_10_1,How typical is this orientation?,"","",camera,"",800,48,"16.67",632033,"6",3821,6
49,test,camera_3,.png,"800",slider,0_10_1,How typical is this orientation?,"","",camera,"",800,48,"16.67",636536,"8",3708,8
50,test,camera_4,.png,"800",slider,0_10_1,How typical is this orientation?,"","",camera,"",800,48,"16.67",641089,"5",3761,5
51,test,camera_5,.png,"800",slider,0_10_1,How typical is this orientation?,"","",camera,"",800,48,"16.67",645395,"1",3513,1
52,test,rat_1,.png,"800",slider,0_10_1,How typical is this orientation?,"","",rat,"",800,48,"16.67",652650,"6",6453,6
53,test,rat_2,.png,"800",slider,0_10_1,How typical is this orientation?,"","",rat,"",800,48,"16.67",656757,"1",3299,1
54,test,rat_3,.png,"800",slider,0_10_1,How typical is this orientation?,"","",rat,"",800,48,"16.67",661921,"0",4365,0
55,test,rat_4,.png,"800",slider,0_10_1,How typical is this orientation?,"","",rat,"",800,48,"16.67",673463,"0",10736,0
56,test,rat_5,.png,"800",slider,0_10_1,How typical is this orientation?,"","",rat,"",800,48,"16.67",677709,"5",3444,5
57,test,cat_1,.png,"800",slider,0_10_1,How typical is this orientation?,"","",cat,"",800,48,"16.67",683702,"1",5188,1
58,test,cat_2,.png,"800",slider,0_10_1,How typical is this orientation?,"","",cat,"",800,48,"16.67",691186,"4",6691,4
59,test,cat_3,.png,"800",slider,0_10_1,How typical is this orientation?,"","",cat,"",800,48,"16.67",730938,"9",38959,9
60,test,cat_4,.png,"800",slider,0_10_1,How typical is this orientation?,"","",cat,"",800,48,"16.67",739046,"5",7304,5
61,test,cat_5,.png,"800",slider,0_10_1,How typical is this orientation?,"","",cat,"",800,48,"16.67",744056,"2",4206,2
62,test,car_1,.png,"800",slider,0_10_1,How typical is this orientation?,"","",car,"",800,48,"16.67",747471,"0",2622,0
63,test,car_2,.png,"800",slider,0_10_1,How typical is this orientation?,"","",car,"",800,48,"16.67",750766,"4",2500,4
64,test,car_3,.png,"800",slider,0_10_1,How typical is this orientation?,"","",car,"",800,48,"16.67",756499,"7",4933,7
65,test,car_4,.png,"800",slider,0_10_1,How typical is this orientation?,"","",car,"",800,48,"16.67",765038,"8",7742,8
66,test,car_5,.png,"800",slider,0_10_1,How typical is this orientation?,"","",car,"",800,48,"16.67",778837,"6",12997,6
67,test,rabbit_1,.png,"800",slider,0_10_1,How typical is this orientation?,"","",rabbit,"",800,48,"16.67",787606,"0",7978,0
68,test,rabbit_2,.png,"800",slider,0_10_1,How typical is this orientation?,"","",rabbit,"",800,48,"16.67",794794,"2",6395,2
69,test,rabbit_3,.png,"800",slider,0_10_1,How typical is this orientation?,"","",rabbit,"",800,48,"16.67",803511,"3",7910,3
70,test,rabbit_4,.png,"800",slider,0_10_1,How typical is this orientation?,"","",rabbit,"",800,48,"16.67",807634,"2",3322,2
71,test,rabbit_5,.png,"800",slider,0_10_1,How typical is this orientation?,"","",rabbit,"",800,48,"16.67",811586,"1",3151,1
72,test,saw_1,.png,"800",slider,0_10_1,How typical is this orientation?,"","",saw,"",800,48,"16.67",818166,"9",5780,9
73,test,saw_2,.png,"800",slider,0_10_1,How typical is this orientation?,"","",saw,"",800,48,"16.67",823573,"2",4617,2
74,test,saw_3,.png,"800",slider,0_10_1,How typical is this orientation?,"","",saw,"",800,48,"16.67",828645,"3",4272,3
75,test,saw_4,.png,"800",slider,0_10_1,How typical is this orientation?,"","",saw,"",800,48,"16.67",833321,"1",3875,1
76,test,saw_5,.png,"800",slider,0_10_1,How typical is this orientation?,"","",saw,"",800,48,"16.67",837420,"8",3309,8
77,test,frog_1,.png,"800",slider,0_10_1,How typical is this orientation?,"","",frog,"",800,48,"16.67",851212,"9",12999,9
78,test,frog_2,.png,"800",slider,0_10_1,How typical is this orientation?,"","",frog,"",800,48,"16.67",865160,"4",13155,4
79,test,frog_3,.png,"800",slider,0_10_1,How typical is this orientation?,"","",frog,"",800,48,"16.67",869374,"1",3408,1
80,test,frog_4,.png,"800",slider,0_10_1,How typical is this orientation?,"","",frog,"",800,48,"16.67",872391,"0",2226,0
81,test,frog_5,.png,"800",slider,0_10_1,How typical is this orientation?,"","",frog,"",800,48,"16.67",882803,"7",9613,7
82,test,boat_1,.png,"800",slider,0_10_1,How typical is this orientation?,"","",boat,"",800,48,"16.67",894636,"6",11027,6
83,test,boat_2,.png,"800",slider,0_10_1,How typical is this orientation?,"","",boat,"",800,48,"16.67",898394,"8",2957,8
84,test,boat_3,.png,"800",slider,0_10_1,How typical is this orientation?,"","",boat,"",800,48,"16.67",903794,"5",4608,5
85,test,boat_4,.png,"800",slider,0_10_1,How typical is this orientation?,"","",boat,"",800,48,"16.67",911722,"3",7120,3
86,test,boat_5,.png,"800",slider,0_10_1,How typical is this orientation?,"","",boat,"",800,48,"16.67",917203,"6",4687,6
87,test,whale_1,.png,"800",slider,0_10_1,How typical is this orientation?,"","",whale,"",800,48,"16.67",930286,"6",12281,6
88,test,whale_2,.png,"800",slider,0_10_1,How typical is this orientation?,"","",whale,"",800,48,"16.67",936980,"9",5900,9
89,test,whale_3,.png,"800",slider,0_10_1,How typical is this orientation?,"","",whale,"",800,48,"16.67",940747,"3",2963,3
90,test,whale_4,.png,"800",slider,0_10_1,How typical is this orientation?,"","",whale,"",800,48,"16.67",945365,"6",3817,6
91,test,whale_5,.png,"800",slider,0_10_1,How typical is this orientation?,"","",whale,"",800,48,"16.67",951881,"8",5715,8
92,test,bear_1,.png,"800",slider,0_10_1,How typical is this orientation?,"","",bear,"",800,48,"16.67",957151,"9",4471,9
93,test,bear_2,.png,"800",slider,0_10_1,How typical is this orientation?,"","",bear,"",800,48,"16.67",960941,"1",2986,1
94,test,bear_3,.png,"800",slider,0_10_1,How typical is this orientation?,"","",bear,"",800,48,"16.67",965470,"0",3731,0
95,test,bear_4,.png,"800",slider,0_10_1,How typical is this orientation?,"","",bear,"",800,48,"16.67",971017,"7",4745,7
96,test,bear_5,.png,"800",slider,0_10_1,How typical is this orientation?,"","",bear,"",800,48,"16.67",981457,"8",9642,8
97,test,fish_1,.png,"800",slider,0_10_1,How typical is this orientation?,"","",fish,"",800,48,"16.67",991151,"1",8891,1
98,test,fish_2,.png,"800",slider,0_10_1,How typical is this orientation?,"","",fish,"",800,48,"16.67",1007746,"3",15793,3
99,test,fish_3,.png,"800",slider,0_10_1,How typical is this orientation?,"","",fish,"",800,48,"16.67",1027239,"8",18694,8
100,test,fish_4,.png,"800",slider,0_10_1,How typical is this orientation?,"","",fish,"",800,48,"16.67",1030686,"6",2650,6
101,test,fish_5,.png,"800",slider,0_10_1,How typical is this orientation?,"","",fish,"",800,48,"16.67",1036858,"7",5373,7
102,test,elephant_1,.png,"800",slider,0_10_1,How typical is this orientation?,"","",elephant,"",800,48,"16.67",1041607,"7",3944,7
103,test,elephant_2,.png,"800",slider,0_10_1,How typical is this orientation?,"","",elephant,"",800,48,"16.67",1047624,"2",5214,2
104,test,elephant_3,.png,"800",slider,0_10_1,How typical is this orientation?,"","",elephant,"",800,48,"16.67",1054895,"8",6475,8
105,test,elephant_4,.png,"800",slider,0_10_1,How typical is this orientation?,"","",elephant,"",800,48,"16.67",1058831,"4",3143,4
106,test,elephant_5,.png,"800",slider,0_10_1,How typical is this orientation?,"","",elephant,"",800,48,"16.67",1062752,"2",3116,2
107,test,bell_1,.png,"800",slider,0_10_1,How typical is this orientation?,"","",bell,"",800,48,"16.67",1073040,"0",9488,0
108,test,bell_2,.png,"800",slider,0_10_1,How typical is this orientation?,"","",bell,"",800,48,"16.67",1077301,"3",3460,3
109,test,bell_3,.png,"800",slider,0_10_1,How typical is this orientation?,"","",bell,"",800,48,"16.67",1083164,"2",5059,2
110,test,bell_4,.png,"800",slider,0_10_1,How typical is this orientation?,"","",bell,"",800,48,"16.67",1089858,"1",5903,1
111,test,bell_5,.png,"800",slider,0_10_1,How typical is this orientation?,"","",bell,"",800,48,"16.67",1093606,"5",2951,5
112,test,wolf_1,.png,"800",slider,0_10_1,How typical is this orientation?,"","",wolf,"",800,48,"16.67",1098956,"2",4554,2
113,test,wolf_2,.png,"800",slider,0_10_1,How typical is this orientation?,"","",wolf,"",800,48,"16.67",1107819,"5",8066,5
114,test,wolf_3,.png,"800",slider,0_10_1,How typical is this orientation?,"","",wolf,"",800,48,"16.67",1112267,"3",3653,3
115,test,wolf_4,.png,"800",slider,0_10_1,How typical is this orientation?,"","",wolf,"",800,48,"16.67",1115268,"6",2203,6
116,test,wolf_5,.png,"800",slider,0_10_1,How typical is this orientation?,"","",wolf,"",800,48,"16.67",1119025,"7",2961,7
117,test,tape_1,.png,"800",slider,0_10_1,How typical is this orientation?,"","",tape,"",800,48,"16.67",1123611,"8",3790,8
118,test,tape_2,.png,"800",slider,0_10_1,How typical is this orientation?,"","",tape,"",800,48,"16.67",1128004,"1",3599,1
119,test,tape_3,.png,"800",slider,0_10_1,How typical is this orientation?,"","",tape,"",792,48,"16.50",1137393,"2",8596,2
120,test,tape_4,.png,"800",slider,0_10_1,How typical is this orientation?,"","",tape,"",800,48,"16.67",1143390,"8",5193,8
121,test,tape_5,.png,"800",slider,0_10_1,How typical is this orientation?,"","",tape,"",800,48,"16.67",1157834,"8",13642,8
122,test,piano_1,.png,"800",slider,0_10_1,How typical is this orientation?,"","",piano,"",800,48,"16.67",1166776,"6",8140,6
123,test,piano_2,.png,"800",slider,0_10_1,How typical is this orientation?,"","",piano,"",800,48,"16.67",1176039,"8",8467,8
124,test,piano_3,.png,"800",slider,0_10_1,How typical is this orientation?,"","",piano,"",800,48,"16.67",1183638,"9",6795,9
125,test,piano_4,.png,"800",slider,0_10_1,How typical is this orientation?,"","",piano,"",800,48,"16.67",1187737,"9",3299,9
126,test,piano_5,.png,"800",slider,0_10_1,How typical is this orientation?,"","",piano,"",800,48,"16.67",1192873,"1",4335,1
127,test,guitar_1,.png,"800",slider,0_10_1,How typical is this orientation?,"","",guitar,"",800,48,"16.67",1196328,"0",2654,0
128,test,guitar_2,.png,"800",slider,0_10_1,How typical is this orientation?,"","",guitar,"",800,48,"16.67",1205942,"0",8819,0
129,test,guitar_3,.png,"800",slider,0_10_1,How typical is this orientation?,"","",guitar,"",800,48,"16.67",1209673,"3",2940,3
130,test,guitar_4,.png,"800",slider,0_10_1,How typical is this orientation?,"","",guitar,"",800,48,"16.67",1212951,"0",2485,0
131,test,guitar_5,.png,"800",slider,0_10_1,How typical is this orientation?,"","",guitar,"",800,48,"16.67",1247842,"3",34094,3
132,test,radio_1,.png,"800",slider,0_10_1,How typical is this orientation?,"","",radio,"",800,48,"16.67",1259008,"7",10372,7
133,test,radio_2,.png,"800",slider,0_10_1,How typical is this orientation?,"","",radio,"",800,48,"16.67",1261967,"6",2156,6
134,test,radio_3,.png,"800",slider,0_10_1,How typical is this orientation?,"","",radio,"",800,48,"16.67",1278356,"4",15594,4
135,test,radio_4,.png,"800",slider,0_10_1,How typical is this orientation?,"","",radio,"",800,48,"16.67",1322827,"7",43668,7
136,test,radio_5,.png,"800",slider,0_10_1,How typical is this orientation?,"","",radio,"",800,48,"16.67",1328046,"3",4418,3
137,test,train_1,.png,"800",slider,0_10_1,How typical is this orientation?,"","",train,"",800,48,"16.67",1332202,"7",3357,7
138,test,train_2,.png,"800",slider,0_10_1,How typical is this orientation?,"","",train,"",800,48,"16.67",1336349,"5",3341,5
139,test,train_3,.png,"800",slider,0_10_1,How typical is this orientation?,"","",train,"",800,48,"16.67",1342106,"6",4965,6
140,test,train_4,.png,"800",slider,0_10_1,How typical is this orientation?,"","",train,"",800,48,"16.67",1366940,"2",24031,2
141,test,train_5,.png,"800",slider,0_10_1,How typical is this orientation?,"","",train,"",800,48,"16.67",1377879,"4",10137,4
142,test,leopard_1,.png,"800",slider,0_10_1,How typical is this orientation?,"","",leopard,"",800,48,"16.67",1387611,"7",8930,7
143,test,leopard_2,.png,"800",slider,0_10_1,How typical is this orientation?,"","",leopard,"",800,48,"16.67",1391742,"3",3334,3
144,test,leopard_3,.png,"800",slider,0_10_1,How typical is this orientation?,"","",leopard,"",800,48,"16.67",1396730,"0",4190,0
145,test,leopard_4,.png,"800",slider,0_10_1,How typical is this orientation?,"","",leopard,"",792,48,"16.51",1402828,"2",5312,2
146,test,leopard_5,.png,"800",slider,0_10_1,How typical is this orientation?,"","",leopard,"",800,48,"16.67",1405511,"0",1879,0
147,test,bird_1,.png,"800",slider,0_10_1,How typical is this orientation?,"","",bird,"",800,48,"16.67",1408950,"3",2634,3
148,test,bird_2,.png,"800",slider,0_10_1,How typical is this orientation?,"","",bird,"",800,48,"16.67",1415358,"4",5605,4
149,test,bird_3,.png,"800",slider,0_10_1,How typical is this orientation?,"","",bird,"",800,48,"16.67",1420189,"2",4038,2
150,test,bird_4,.png,"800",slider,0_10_1,How typical is this orientation?,"","",bird,"",800,48,"16.67",1426736,"4",5756,4
151,test,bird_5,.png,"800",slider,0_10_1,How typical is this orientation?,"","",bird,"",800,48,"16.67",1430411,"1",2882,1
152,test,cymbal_ride_1,.png,"800",slider,0_10_1,How typical is this orientation?,"","",cymbal_ride,"",800,48,"16.67",1440196,"2",8982,2
153,test,cymbal_ride_2,.png,"800",slider,0_10_1,How typical is this orientation?,"","",cymbal_ride,"",793,48,"16.52",1456000,"1",15010,1
154,test,cymbal_ride_3,.png,"800",slider,0_10_1,How typical is this orientation?,"","",cymbal_ride,"",800,48,"16.67",1478534,"0",21733,0
155,test,cymbal_ride_4,.png,"800",slider,0_10_1,How typical is this orientation?,"","",cymbal_ride,"",805,48,"16.78",1490606,"0",11268,0
156,test,cymbal_ride_5,.png,"800",slider,0_10_1,How typical is this orientation?,"","",cymbal_ride,"",800,48,"16.67",1495786,"1",4373,1
157,test,chicken_1,.png,"800",slider,0_10_1,How typical is this orientation?,"","",chicken,"",800,48,"16.67",1499689,"8",3110,8
158,test,chicken_2,.png,"800",slider,0_10_1,How typical is this orientation?,"","",chicken,"",800,48,"16.67",1504682,"7",4202,7
159,test,chicken_3,.png,"800",slider,0_10_1,How typical is this orientation?,"","",chicken,"",800,48,"16.67",1509300,"1",3819,1
160,test,chicken_4,.png,"800",slider,0_10_1,How typical is this orientation?,"","",chicken,"",800,48,"16.67",1516145,"2",6048,2
161,test,chicken_5,.png,"800",slider,0_10_1,How typical is this orientation?,"","",chicken,"",800,48,"16.67",1519626,"0",2679,0
162,test,bus_1,.png,"800",slider,0_10_1,How typical is this orientation?,"","",bus,"",800,48,"16.67",1542774,"1",22342,1
163,test,bus_2,.png,"800",slider,0_10_1,How typical is this orientation?,"","",bus,"",800,48,"16.67",1551508,"4",7941,4
164,test,bus_3,.png,"800",slider,0_10_1,How typical is this orientation?,"","",bus,"",800,48,"16.67",1557217,"2",4908,2
165,test,bus_4,.png,"800",slider,0_10_1,How typical is this orientation?,"","",bus,"",800,48,"16.67",1563415,"2",5406,2
166,test,bus_5,.png,"800",slider,0_10_1,How typical is this orientation?,"","",bus,"",800,48,"16.67",1568034,"1",3820,1
167,test,walkie_1,.png,"800",slider,0_10_1,How typical is this orientation?,"","",walkie,"",800,48,"16.67",1574695,"5",5864,5
168,test,walkie_2,.png,"800",slider,0_10_1,How typical is this orientation?,"","",walkie,"",800,48,"16.67",1578280,"3",2786,3
169,test,walkie_3,.png,"800",slider,0_10_1,How typical is this orientation?,"","",walkie,"",800,48,"16.67",1586781,"2",7704,2
170,test,walkie_4,.png,"800",slider,0_10_1,How typical is this orientation?,"","",walkie,"",800,48,"16.67",1592328,"5",4752,5
171,test,walkie_5,.png,"800",slider,0_10_1,How typical is this orientation?,"","",walkie,"",800,48,"16.67",1601742,"2",8608,2
172,test,pig_1,.png,"800",slider,0_10_1,How typical is this orientation?,"","",pig,"",800,48,"16.67",1611372,"7",8839,7
173,test,pig_2,.png,"800",slider,0_10_1,How typical is this orientation?,"","",pig,"",800,48,"16.67",1615560,"2",3393,2
174,test,pig_3,.png,"800",slider,0_10_1,How typical is this orientation?,"","",pig,"",800,48,"16.67",1622036,"8",5675,8
175,test,pig_4,.png,"800",slider,0_10_1,How typical is this orientation?,"","",pig,"",800,48,"16.67",1629191,"5",6365,5
176,test,pig_5,.png,"800",slider,0_10_1,How typical is this orientation?,"","",pig,"",800,48,"16.67",1636112,"1",6120,1
177,test,stapler_1,.png,"800",slider,0_10_1,How typical is this orientation?,"","",stapler,"",800,48,"16.67",1643058,"8",6150,8
178,test,stapler_2,.png,"800",slider,0_10_1,How typical is this orientation?,"","",stapler,"",800,48,"16.67",1652583,"4",8732,4
179,test,stapler_3,.png,"800",slider,0_10_1,How typical is this orientation?,"","",stapler,"",800,48,"16.67",1655983,"1",2608,1
180,test,stapler_4,.png,"800",slider,0_10_1,How typical is this orientation?,"","",stapler,"",800,48,"16.67",1662100,"6",5326,6
181,test,stapler_5,.png,"800",slider,0_10_1,How typical is this orientation?,"","",stapler,"",800,48,"16.67",1667151,"1",4250,1
182,test,deer_1,.png,"800",slider,0_10_1,How typical is this orientation?,"","",deer,"",800,48,"16.67",1678533,"4",10583,4
183,test,deer_2,.png,"800",slider,0_10_1,How typical is this orientation?,"","",deer,"",800,48,"16.67",1690377,"3",11052,3
184,test,deer_3,.png,"800",slider,0_10_1,How typical is this orientation?,"","",deer,"",800,48,"16.67",1700188,"2",9020,2
185,test,deer_4,.png,"800",slider,0_10_1,How typical is this orientation?,"","",deer,"",800,48,"16.67",1703955,"8",2967,8
186,test,deer_5,.png,"800",slider,0_10_1,How typical is this orientation?,"","",deer,"",800,48,"16.67",1711807,"6",7045,6
187,test,watering_can_1,.png,"800",slider,0_10_1,How typical is this orientation?,"","",watering_can,"",800,48,"16.67",1718103,"1",5496,1
188,test,watering_can_2,.png,"800",slider,0_10_1,How typical is this orientation?,"","",watering_can,"",800,48,"16.67",1720584,"0",1675,0
189,test,watering_can_3,.png,"800",slider,0_10_1,How typical is this orientation?,"","",watering_can,"",800,48,"16.67",1727890,"2",6498,2
190,test,watering_can_4,.png,"800",slider,0_10_1,How typical is this orientation?,"","",watering_can,"",800,48,"16.67",1730714,"0",2014,0
191,test,watering_can_5,.png,"800",slider,0_10_1,How typical is this orientation?,"","",watering_can,"",800,48,"16.67",1737661,"6",6147,6
192,test,salamander_1,.png,"800",slider,0_10_1,How typical is this orientation?,"","",salamander,"",800,48,"16.67",1743444,"1",4975,1
193,test,salamander_2,.png,"800",slider,0_10_1,How typical is this orientation?,"","",salamander,"",800,48,"16.67",1754205,"1",9961,1
194,test,salamander_3,.png,"800",slider,0_10_1,How typical is this orientation?,"","",salamander,"",800,48,"16.67",1760492,"8",5487,8
195,test,salamander_4,.png,"800",slider,0_10_1,How typical is this orientation?,"","",salamander,"",800,48,"16.67",1767292,"6",6003,6
196,test,salamander_5,.png,"800",slider,0_10_1,How typical is this orientation?,"","",salamander,"",800,48,"16.67",1786246,"9",18154,9
197,test,drum_1,.png,"800",slider,0_10_1,How typical is this orientation?,"","",drum,"",800,48,"16.67",1790052,"1",2999,1
198,test,drum_2,.png,"800",slider,0_10_1,How typical is this orientation?,"","",drum,"",800,48,"16.67",1794558,"9",3706,9
199,test,drum_3,.png,"800",slider,0_10_1,How typical is this orientation?,"","",drum,"",800,48,"16.67",1797382,"0",2020,0
200,test,drum_4,.png,"800",slider,0_10_1,How typical is this orientation?,"","",drum,"",800,48,"16.67",1800374,"0",2197,0
201,test,drum_5,.png,"800",slider,0_10_1,How typical is this orientation?,"","",drum,"",804,48,"16.75",1805450,"1",4269,1
202,test,snake_1,.png,"800",slider,0_10_1,How typical is this orientation?,"","",snake,"",800,48,"16.67",1810109,"9",3861,9
203,test,snake_2,.png,"800",slider,0_10_1,How typical is this orientation?,"","",snake,"",800,48,"16.67",1826272,"10",15358,10
204,test,snake_3,.png,"800",slider,0_10_1,How typical is this orientation?,"","",snake,"",800,48,"16.67",1906339,"6",79271,6
205,test,snake_4,.png,"800",slider,0_10_1,How typical is this orientation?,"","",snake,"",800,48,"16.67",1910414,"5",3273,5
206,test,snake_5,.png,"800",slider,0_10_1,How typical is this orientation?,"","",snake,"",800,48,"16.67",1913495,"5",2279,5
207,test,crab_1,.png,"800",slider,0_10_1,How typical is this orientation?,"","",crab,"",800,48,"16.67",1917408,"2",3109,2
208,test,crab_2,.png,"800",slider,0_10_1,How typical is this orientation?,"","",crab,"",800,48,"16.67",1922126,"1",3926,1
209,test,crab_3,.png,"800",slider,0_10_1,How typical is this orientation?,"","",crab,"",800,48,"16.67",1929105,"1",6188,1
210,test,crab_4,.png,"800",slider,0_10_1,How typical is this orientation?,"","",crab,"",800,48,"16.67",1936054,"9",6153,9
211,test,crab_5,.png,"800",slider,0_10_1,How typical is this orientation?,"","",crab,"",800,48,"16.67",1941105,"10",4256,10
212,test,penguin_1,.png,"800",slider,0_10_1,How typical is this orientation?,"","",penguin,"",800,48,"16.67",1952524,"7",10626,7
213,test,penguin_2,.png,"800",slider,0_10_1,How typical is this orientation?,"","",penguin,"",800,48,"16.67",1956623,"4",3303,4
214,test,penguin_3,.png,"800",slider,0_10_1,How typical is this orientation?,"","",penguin,"",800,48,"16.67",1960763,"1",3343,1
215,test,penguin_4,.png,"800",slider,0_10_1,How typical is this orientation?,"","",penguin,"",800,48,"16.67",1964091,"2",2528,2
216,test,penguin_5,.png,"800",slider,0_10_1,How typical is this orientation?,"","",penguin,"",800,48,"16.67",2036375,"5",71479,5
217,test,keyboard_1,.png,"800",slider,0_10_1,How typical is this orientation?,"","",keyboard,"",800,48,"16.67",2041067,"10",3895,10
218,test,keyboard_2,.png,"800",slider,0_10_1,How typical is this orientation?,"","",keyboard,"",800,48,"16.67",2046556,"1",4684,1
219,test,keyboard_3,.png,"800",slider,0_10_1,How typical is this orientation?,"","",keyboard,"",800,48,"16.67",2054942,"2",7590,2
220,test,keyboard_4,.png,"800",slider,0_10_1,How typical is this orientation?,"","",keyboard,"",800,48,"16.67",2062293,"8",6558,8
221,test,keyboard_5,.png,"800",slider,0_10_1,How typical is this orientation?,"","",keyboard,"",800,48,"16.67",2069189,"1",6092,1
222,test,drill_1,.png,"800",slider,0_10_1,How typical is this orientation?,"","",drill,"",800,48,"16.67",2085393,"8",15405,8
223,test,drill_2,.png,"800",slider,0_10_1,How typical is this orientation?,"","",drill,"",800,48,"16.67",2097624,"9",11442,9
224,test,drill_3,.png,"800",slider,0_10_1,How typical is this orientation?,"","",drill,"",800,48,"16.67",2101756,"10",3334,10
225,test,drill_4,.png,"800",slider,0_10_1,How typical is this orientation?,"","",drill,"",800,48,"16.67",2111694,"3",9138,3
226,test,drill_5,.png,"800",slider,0_10_1,How typical is this orientation?,"","",drill,"",800,48,"16.67",2119746,"7",7258,7
227,test,bicycle_1,.png,"800",slider,0_10_1,How typical is this orientation?,"","",bicycle,"",800,48,"16.67",2128854,"8",8307,8
228,test,bicycle_2,.png,"800",slider,0_10_1,How typical is this orientation?,"","",bicycle,"",800,48,"16.67",2133231,"2",3576,2
229,test,bicycle_3,.png,"800",slider,0_10_1,How typical is this orientation?,"","",bicycle,"",800,48,"16.67",2137176,"7",3155,7
230,test,bicycle_4,.png,"800",slider,0_10_1,How typical is this orientation?,"","",bicycle,"",800,48,"16.67",2141054,"1",3078,1
231,test,bicycle_5,.png,"800",slider,0_10_1,How typical is this orientation?,"","",bicycle,"",800,48,"16.67",2148833,"3",6988,3
232,test,laptop_1,.png,"800",slider,0_10_1,How typical is this orientation?,"","",laptop,"",800,48,"16.67",2157339,"1",7704,1
233,test,laptop_2,.png,"800",slider,0_10_1,How typical is this orientation?,"","",laptop,"",800,48,"16.67",2162824,"9",4690,9
234,test,laptop_3,.png,"800",slider,0_10_1,How typical is this orientation?,"","",laptop,"",800,48,"16.67",2167509,"1",3889,1
235,test,laptop_4,.png,"800",slider,0_10_1,How typical is this orientation?,"","",laptop,"",807,48,"16.82",2168976,"0",665,0
236,test,laptop_5,.png,"800",slider,0_10_1,How typical is this orientation?,"","",laptop,"",800,48,"16.67",2174130,"5",4352,5
237,test,camel_1,.png,"800",slider,0_10_1,How typical is this orientation?,"","",camel,"",800,48,"16.67",2183340,"2",8412,2
238,test,camel_2,.png,"800",slider,0_10_1,How typical is this orientation?,"","",camel,"",800,48,"16.67",2191969,"6",7835,6
239,test,camel_3,.png,"800",slider,0_10_1,How typical is this orientation?,"","",camel,"",800,48,"16.67",2195873,"7",3099,7
240,test,camel_4,.png,"800",slider,0_10_1,How typical is this orientation?,"","",camel,"",800,48,"16.67",2202046,"9",5372,9
241,test,camel_5,.png,"800",slider,0_10_1,How typical is this orientation?,"","",camel,"",800,48,"16.67",2210066,"1",7218,1
242,test,coins_1,.png,"800",slider,0_10_1,How typical is this orientation?,"","",coins,"",800,48,"16.67",2222787,"9",11921,9
243,test,coins_2,.png,"800",slider,0_10_1,How typical is this orientation?,"","",coins,"",800,48,"16.67",2231782,"9",8192,9
244,test,coins_3,.png,"800",slider,0_10_1,How typical is this orientation?,"","",coins,"",800,48,"16.67",2235605,"10",3017,10
245,test,coins_4,.png,"800",slider,0_10_1,How typical is this orientation?,"","",coins,"",800,48,"16.67",2241404,"8",4999,8
246,test,coins_5,.png,"800",slider,0_10_1,How typical is this orientation?,"","",coins,"",800,48,"16.67",2248326,"9",6131,9
247,test,hammer_1,.png,"800",slider,0_10_1,How typical is this orientation?,"","",hammer,"",800,48,"16.67",2258147,"1",9020,1
248,test,hammer_2,.png,"800",slider,0_10_1,How typical is this orientation?,"","",hammer,"",800,48,"16.67",2266037,"6",7094,6
249,test,hammer_3,.png,"800",slider,0_10_1,How typical is this orientation?,"","",hammer,"",800,48,"16.67",2310076,"8",43244,8
250,test,hammer_4,.png,"800",slider,0_10_1,How typical is this orientation?,"","",hammer,"",800,48,"16.67",2313946,"4",3062,4
251,test,hammer_5,.png,"800",slider,0_10_1,How typical is this orientation?,"","",hammer,"",800,48,"16.67",2320444,"3",5692,3
252,test,jet_1,.png,"800",slider,0_10_1,How typical is this orientation?,"","",jet,"",800,48,"16.67",2327210,"1",5970,1
253,test,jet_2,.png,"800",slider,0_10_1,How typical is this orientation?,"","",jet,"",800,48,"16.67",2330390,"4",2385,4
254,test,jet_3,.png,"800",slider,0_10_1,How typical is this orientation?,"","",jet,"",800,48,"16.67",2334700,"9",3518,9
255,test,jet_4,.png,"800",slider,0_10_1,How typical is this orientation?,"","",jet,"",800,48,"16.67",2342728,"1",7230,1
256,test,jet_5,.png,"800",slider,0_10_1,How typical is this orientation?,"","",jet,"",800,48,"16.67",2350106,"7",6577,7
257,test,dog_1,.png,"800",slider,0_10_1,How typical is this orientation?,"","",dog,"",800,48,"16.67",2353823,"0",2911,0
258,test,dog_2,.png,"800",slider,0_10_1,How typical is this orientation?,"","",dog,"",800,48,"16.67",2358922,"8",4304,8
259,test,dog_3,.png,"800",slider,0_10_1,How typical is this orientation?,"","",dog,"",800,48,"16.67",2363663,"6",3944,6
260,test,dog_4,.png,"800",slider,0_10_1,How typical is this orientation?,"","",dog,"",800,48,"16.67",2371121,"5",6662,5
261,test,dog_5,.png,"800",slider,0_10_1,How typical is this orientation?,"","",dog,"",800,48,"16.67",2374065,"7",2140,7
262,test,scissors_1,.png,"800",slider,0_10_1,How typical is this orientation?,"","",scissors,"",800,48,"16.67",2378961,"10",4094,10
263,test,scissors_2,.png,"800",slider,0_10_1,How typical is this orientation?,"","",scissors,"",800,48,"16.67",2382857,"8",3090,8
264,test,scissors_3,.png,"800",slider,0_10_1,How typical is this orientation?,"","",scissors,"",800,48,"16.67",2386939,"7",3289,7
265,test,scissors_4,.png,"800",slider,0_10_1,How typical is this orientation?,"","",scissors,"",800,48,"16.67",2391136,"6",3395,6
266,test,scissors_5,.png,"800",slider,0_10_1,How typical is this orientation?,"","",scissors,"",800,48,"16.67",2395634,"1",3691,1
267,test,goat_1,.png,"800",slider,0_10_1,How typical is this orientation?,"","",goat,"",800,48,"16.67",2427472,"2",31030,2
268,test,goat_2,.png,"800",slider,0_10_1,How typical is this orientation?,"","",goat,"",800,48,"16.67",2441773,"5",13499,5
269,test,goat_3,.png,"800",slider,0_10_1,How typical is this orientation?,"","",goat,"",800,48,"16.67",2449360,"7",6794,7
270,test,goat_4,.png,"800",slider,0_10_1,How typical is this orientation?,"","",goat,"",800,48,"16.67",2453043,"9",2883,9
271,test,goat_5,.png,"800",slider,0_10_1,How typical is this orientation?,"","",goat,"",800,48,"16.67",2457020,"4",3176,4
272,test,motorcycle_1,.png,"800",slider,0_10_1,How typical is this orientation?,"","",motorcycle,"",800,48,"16.67",2463664,"9",5845,9
273,test,motorcycle_2,.png,"800",slider,0_10_1,How typical is this orientation?,"","",motorcycle,"",800,48,"16.67",2470582,"5",6114,5
274,test,motorcycle_3,.png,"800",slider,0_10_1,How typical is this orientation?,"","",motorcycle,"",800,48,"16.67",2504084,"8",32709,8
275,test,motorcycle_4,.png,"800",slider,0_10_1,How typical is this orientation?,"","",motorcycle,"",800,48,"16.67",2521527,"7",16637,7
276,test,motorcycle_5,.png,"800",slider,0_10_1,How typical is this orientation?,"","",motorcycle,"",800,48,"16.67",2525016,"3",2693,3
277,test,rhino_1,.png,"800",slider,0_10_1,How typical is this orientation?,"","",rhino,"",800,48,"16.67",2530585,"3",4779,3
278,test,rhino_2,.png,"800",slider,0_10_1,How typical is this orientation?,"","",rhino,"",800,48,"16.67",2536753,"9",5364,9
279,test,rhino_3,.png,"800",slider,0_10_1,How typical is this orientation?,"","",rhino,"",800,48,"16.67",2543138,"5",5590,5
280,test,rhino_4,.png,"800",slider,0_10_1,How typical is this orientation?,"","",rhino,"",800,48,"16.67",2546796,"9",2854,9
281,test,rhino_5,.png,"800",slider,0_10_1,How typical is this orientation?,"","",rhino,"",800,48,"16.67",2550334,"6",2743,6
282,test,shark_1,.png,"800",slider,0_10_1,How typical is this orientation?,"","",shark,"",800,48,"16.67",2553937,"7",2812,7
283,test,shark_2,.png,"800",slider,0_10_1,How typical is this orientation?,"","",shark,"",800,48,"16.67",2562167,"9",7428,9
284,test,shark_3,.png,"800",slider,0_10_1,How typical is this orientation?,"","",shark,"",800,48,"16.67",2568631,"9",5658,9
285,test,shark_4,.png,"800",slider,0_10_1,How typical is this orientation?,"","",shark,"",800,48,"16.67",2573771,"1",4334,1
286,test,shark_5,.png,"800",slider,0_10_1,How typical is this orientation?,"","",shark,"",800,48,"16.67",2578756,"8",4186,8
287,test,bat_1,.png,"800",slider,0_10_1,How typical is this orientation?,"","",bat,"",800,48,"16.67",2583668,"6",4119,6
288,test,bat_2,.png,"800",slider,0_10_1,How typical is this orientation?,"","",bat,"",800,48,"16.67",2589018,"2",4553,2
289,test,bat_3,.png,"800",slider,0_10_1,How typical is this orientation?,"","",bat,"",800,48,"16.67",2593645,"3",3823,3
290,test,bat_4,.png,"800",slider,0_10_1,How typical is this orientation?,"","",bat,"",800,48,"16.67",2596321,"0",1881,0
291,test,bat_5,.png,"800",slider,0_10_1,How typical is this orientation?,"","",bat,"",800,48,"16.67",2599947,"8",2833,8
292,test,washer_1,.png,"800",slider,0_10_1,How typical is this orientation?,"","",washer,"",800,48,"16.67",2606819,"5",6072,5
293,test,washer_2,.png,"800",slider,0_10_1,How typical is this orientation?,"","",washer,"",800,48,"16.67",2615872,"9",8248,9
294,test,washer_3,.png,"800",slider,0_10_1,How typical is this orientation?,"","",washer,"",800,48,"16.67",2620612,"5",3937,5
295,test,washer_4,.png,"800",slider,0_10_1,How typical is this orientation?,"","",washer,"",800,48,"16.67",2625401,"4",3998,4
296,test,washer_5,.png,"800",slider,0_10_1,How typical is this orientation?,"","",washer,"",800,48,"16.67",2632470,"10",6265,10
297,test,tiger_1,.png,"800",slider,0_10_1,How typical is this orientation?,"","",tiger,"",800,48,"16.67",2649104,"10",15832,10
298,test,tiger_2,.png,"800",slider,0_10_1,How typical is this orientation?,"","",tiger,"",800,48,"16.67",2654536,"9",4635,9
299,test,tiger_3,.png,"800",slider,0_10_1,How typical is this orientation?,"","",tiger,"",800,48,"16.67",2660196,"3",4861,3
300,test,tiger_4,.png,"800",slider,0_10_1,How typical is this orientation?,"","",tiger,"",800,48,"16.67",2665799,"7",4803,7
301,test,tiger_5,.png,"800",slider,0_10_1,How typical is this orientation?,"","",tiger,"",800,48,"16.67",2669369,"7",2773,7
302,test,wrench_1,.png,"800",slider,0_10_1,How typical is this orientation?,"","",wrench,"",800,48,"16.67",2678882,"6",8720,6
303,test,wrench_2,.png,"800",slider,0_10_1,How typical is this orientation?,"","",wrench,"",800,48,"16.67",2684128,"2",4450,2
304,test,wrench_3,.png,"800",slider,0_10_1,How typical is this orientation?,"","",wrench,"",800,48,"16.67",2696785,"7",11862,7
305,test,wrench_4,.png,"800",slider,0_10_1,How typical is this orientation?,"","",wrench,"",800,48,"16.67",2705195,"9",7613,9
306,test,wrench_5,.png,"800",slider,0_10_1,How typical is this orientation?,"","",wrench,"",800,48,"16.67",2712938,"3",6946,3